layer 1
0.0 2.0 -2.0
0 6.666666666666671
1 13.333333333333327
2 19.99999999999997
layer 2
0.0 2.0 -2.0
3 23.507246376811565
4 24.507246376811555
5 25.507246376811548
6 26.50724637681155
7 27.507246376811565
8 28.32756258234517
9 28.994229249011834
10 29.6608959156785
11 30.327562582345163
12 30.994229249011827
13 31.66089591567849
14 32.32756258234516
15 32.99422924901183
layer 3
0.0 2.0 -2.0
0 -5
FineShot
layer 1
0.0 2.0 -2.0
0 -5
layer 2
0.0 2.0 -2.0
0 -5
layer 3
0.0 2.0 -2.0
0 -5
FineShot
layer 1
0.0 2.0 32.0
0 -5
layer 2
0.0 2.0 32.0
0 -5
layer 3
0.0 2.0 32.0
0 -5
FineShot
layer 1
0.0 2.0 32.0
13 20.00000000000028
14 13.333333333333526
15 6.66666666666676
layer 2
0.0 2.0 32.0
0 32.66089591567864
1 31.660895915678616
2 30.6608959156786
3 29.660895915678587
4 28.660895915678573
5 27.66089591567856
6 26.660895915678545
7 25.660895915678537
8 24.787878787878807
9 24.121212121212146
10 23.454545454545485
11 22.787878787878824
12 22.12121212121216
layer 3
0.0 2.0 32.0
0 -5
FineShot
layer 1
0.0 2.0 15.0
8 3.3333333333333215
9 9.999999999999964
10 16.666666666666607
layer 2
0.0 2.0 15.0
11 21.796125331969666
12 22.46279199863633
13 23.129458665302998
14 23.796125331969677
15 24.462791998636355
layer 3
0.0 2.0 15.0
0 -5
FineShot
layer 1
0.0 2.0 15.0
5 16.666666666666607
6 9.999999999999964
7 3.3333333333333215
layer 2
0.0 2.0 15.0
0 27.00724637681156
1 26.007246376811544
2 25.00724637681155
3 24.00724637681156
4 23.00724637681157
layer 3
0.0 2.0 15.0
0 -5
FineShot
layer 1
0.0 2.0 7.0
4 3.3333333333333215
5 9.999999999999964
6 16.666666666666607
layer 2
0.0 2.0 7.0
7 23.00724637681157
8 23.82756258234516
9 24.49422924901182
10 25.16089591567848
11 25.827562582345145
12 26.49422924901181
13 27.160895915678474
14 27.827562582345138
15 28.494229249011802
layer 3
0.0 2.0 7.0
0 -5
FineShot
layer 1
0.0 2.0 7.0
1 16.666666666666607
2 9.999999999999964
3 3.3333333333333215
layer 2
0.0 2.0 7.0
0 -5
layer 3
0.0 2.0 7.0
0 -5
FineShot
layer 1
0.0 2.0 23.0
12 3.3333333333333215
13 10.000000000000012
14 16.666666666666778
layer 2
0.0 2.0 23.0
0 -5
layer 3
0.0 2.0 23.0
0 -5
FineShot
layer 1
0.0 2.0 23.0
9 16.666666666666607
10 9.999999999999964
11 3.3333333333333215
layer 2
0.0 2.0 23.0
0 29.66089591567853
1 28.660895915678516
2 27.660895915678502
3 26.660895915678488
4 25.660895915678477
5 24.660895915678484
6 23.660895915678495
7 22.660895915678502
8 21.78787878787877
layer 3
0.0 2.0 23.0
0 -5
FineShot
layer 1
0.0 3.0 -7.0
0 -5
layer 2
0.0 3.0 -7.0
0 17.8
1 20.120724346076457
2 22.23340040241449
3 24.748490945674043
4 26.760563380281692
layer 3
0.0 3.0 -7.0
5 28.37022132796781
6 29.175050301810867
7 29.8
8 30.000000000000004
9 30.281690140845072
10 31.187122736418512
11 31.69014084507042
12 33.09859154929577
13 33.70221327967807
14 34.30583501006036
15 36.60377358490566
FineShot
layer 1
0.0 3.0 -7.0
0 -5
layer 2
0.0 3.0 -7.0
0 -5
layer 3
0.0 3.0 -7.0
0 -5
FineShot
layer 1
0.0 3.0 -1.0
0 2.3138832997987926
1 10.6
layer 2
0.0 3.0 -1.0
2 16.59959758551308
3 18.611670020120727
4 22.23340040241449
5 25.050301810865193
layer 3
0.0 3.0 -1.0
6 25.754527162977865
7 27.464788732394364
8 27.200000000000003
9 27.565392354124747
10 28.470824949698187
11 29.81132075471698
12 31.320754716981128
13 32.45283018867924
14 32.075471698113205
15 32.89738430583501
FineShot
layer 1
0.0 3.0 -1.0
0 -5
layer 2
0.0 3.0 -1.0
0 -5
layer 3
0.0 3.0 -1.0
0 -5
FineShot
layer 1
0.0 3.0 13.5
5 3.0188679245283017
6 10.18867924528302
7 18.490566037735846
layer 2
0.0 3.0 13.5
8 20.020120724346075
9 21.327967806841045
10 23.038229376257547
11 23.962264150943398
12 25.849056603773587
13 27.92452830188679
14 28.490566037735846
15 30.566037735849054
layer 3
0.0 3.0 13.5
0 -5
FineShot
layer 1
0.0 3.0 13.5
2 16.037735849056602
3 10.566037735849056
4 3.773584905660377
layer 2
0.0 3.0 13.5
0 23.20754716981132
1 20.566037735849054
layer 3
0.0 3.0 13.5
0 -5
FineShot
layer 1
0.0 3.0 22.5
8 5.471698113207547
9 10.566037735849056
10 14.528301886792452
layer 2
0.0 3.0 22.5
11 16.9811320754717
12 18.913480885311873
13 20.37735849056604
14 22.6
15 26.056338028169016
layer 3
0.0 3.0 22.5
0 -5
FineShot
layer 1
0.0 3.0 22.5
6 15.895372233400401
7 4.124748490945674
layer 2
0.0 3.0 22.5
4 19.014084507042252
5 15.849056603773587
layer 3
0.0 3.0 22.5
0 24.800000000000004
1 23.34004024144869
2 21.88679245283019
3 20.943396226415093
FineShot
layer 1
0.0 3.0 31.5
11 5.471698113207547
12 11.46881287726358
13 14.528301886792452
14 17.706237424547282
15 22.26415094339622
layer 2
0.0 3.0 31.5
0 -5
layer 3
0.0 3.0 31.5
0 -5
FineShot
layer 1
0.0 3.0 31.5
9 11.886792452830187
10 5.09433962264151
layer 2
0.0 3.0 31.5
5 22.535211267605636
6 20.754716981132074
7 18.309859154929573
8 15.094339622641508
layer 3
0.0 3.0 31.5
0 29.056603773584904
1 27.263581488933603
2 26.056338028169016
3 25.150905432595575
4 24.200000000000003
FineShot
layer 1
0.0 3.0 46.0
0 -5
layer 2
0.0 3.0 46.0
0 -5
layer 3
0.0 3.0 46.0
0 -5
FineShot
layer 1
0.0 3.0 46.0
13 16.41509433962264
14 9.999999999999998
15 1.320754716981132
layer 2
0.0 3.0 46.0
10 25.28301886792453
11 22.075471698113205
12 19.81132075471698
layer 3
0.0 3.0 46.0
0 33.09859154929577
1 32.29376257545271
2 31.388329979879273
3 31.388329979879273
4 30.38229376257545
5 29.678068410462778
6 29.577464788732392
7 27.92452830188679
8 27.547169811320753
9 26.037735849056602
FineShot
layer 1
0.0 3.0 52.0
0 -5
layer 2
0.0 3.0 52.0
0 -5
layer 3
0.0 3.0 52.0
0 -5
FineShot
layer 1
0.0 3.0 52.0
0 -5
layer 2
0.0 3.0 52.0
13 23.962264150943398
14 20.37735849056604
15 17.169811320754715
layer 3
0.0 3.0 52.0
0 36.72032193158954
1 35.8148893360161
2 35.110663983903414
3 34.2
4 33.20754716981132
5 32.83018867924528
6 31.698113207547173
7 30.684104627766597
8 29.175050301810867
9 27.464788732394364
10 27.400000000000002
11 25.660377358490564
12 26.037735849056602
FineShot
