layer 1
10.0 1.5 0.0
0 18.660287081339714
layer 2
10.0 1.5 0.0
0 18.660287081339714
1 24.401913875598087
2 25.837320574162682
3 25.837320574162682
4 27.27272727272727
5 30.14354066985646
6 28.708133971291865
7 31.578947368421055
8 28.708133971291865
9 31.578947368421055
10 31.578947368421055
11 35.88516746411483
12 35.88516746411483
13 40.19138755980861
14 41.62679425837321
15 44.49760765550239
layer 3
10.0 1.5 0.0
0 18.660287081339714
FineShot
layer 1
10.0 1.5 0.0
0 18.660287081339714
layer 2
10.0 1.5 0.0
0 18.660287081339714
layer 3
10.0 1.5 0.0
0 18.660287081339714
FineShot
layer 1
10.0 1.5 9.0
1 7.177033492822966
2 10.047846889952153
layer 2
10.0 1.5 9.0
3 12.918660287081341
4 14.354066985645932
5 18.660287081339714
6 17.224880382775122
7 21.531100478468897
8 18.660287081339714
9 22.966507177033492
10 22.966507177033492
11 25.837320574162682
12 28.708133971291865
13 28.708133971291865
14 31.578947368421055
15 31.578947368421055
layer 3
10.0 1.5 9.0
0 1.4354066985645932
FineShot
layer 1
10.0 1.5 9.0
0 1.4354066985645932
layer 2
10.0 1.5 9.0
0 1.4354066985645932
layer 3
10.0 1.5 9.0
0 1.4354066985645932
FineShot
layer 1
10.0 1.5 21.25
8 1.4354066985645932
9 7.177033492822966
layer 2
10.0 1.5 21.25
10 8.612440191387561
11 11.483253588516746
12 11.483253588516746
13 15.789473684210527
14 15.789473684210527
15 20.095693779904305
layer 3
10.0 1.5 21.25
0 21.531100478468897
FineShot
layer 1
10.0 1.5 21.25
7 2.8708133971291865
6 7.177033492822966
layer 2
10.0 1.5 21.25
0 21.531100478468897
1 17.224880382775122
2 14.354066985645932
3 14.354066985645932
4 11.483253588516746
5 8.612440191387561
layer 3
10.0 1.5 21.25
0 21.531100478468897
FineShot
layer 1
10.0 1.5 33.5
0 31.578947368421055
layer 2
10.0 1.5 33.5
0 31.578947368421055
layer 3
10.0 1.5 33.5
0 31.578947368421055
FineShot
layer 1
10.0 1.5 33.5
15 2.8708133971291865
14 4.918032786885247
13 8.612440191387561
layer 2
10.0 1.5 33.5
1 33.014354066985646
2 27.27272727272727
3 27.27272727272727
4 25.837320574162682
5 25.837320574162682
6 21.531100478468897
7 20.095693779904305
8 17.224880382775122
9 17.224880382775122
10 12.918660287081341
11 14.354066985645932
12 11.483253588516746
layer 3
10.0 1.5 33.5
0 31.578947368421055
FineShot
layer 1
10.0 1.5 42.5
0 44.49760765550239
layer 2
10.0 1.5 42.5
0 44.49760765550239
layer 3
10.0 1.5 42.5
0 44.49760765550239
FineShot
layer 1
10.0 1.5 42.5
0 44.49760765550239
layer 2
10.0 1.5 42.5
0 44.49760765550239
1 44.49760765550239
2 41.62679425837321
3 37.32057416267943
4 35.88516746411483
5 37.32057416267943
6 34.449760765550245
7 33.014354066985646
8 30.14354066985646
9 28.708133971291865
10 28.708133971291865
11 27.27272727272727
12 24.401913875598087
13 24.401913875598087
14 18.660287081339714
15 17.224880382775122
layer 3
10.0 1.5 42.5
0 44.49760765550239
FineShot
