layer 1
10.0 1.5 0.0
0 18.660287081339714
layer 2
10.0 1.5 0.0
1 24.401913875598087
2 25.837320574162682
3 25.837320574162682
4 27.27272727272727
5 30.14354066985646
6 28.708133971291865
7 31.578947368421055
8 28.708133971291865
9 31.578947368421055
10 31.578947368421055
11 35.88516746411483
12 35.88516746411483
13 40.19138755980861
14 41.62679425837321
15 44.49760765550239
layer 3
10.0 1.5 0.0
0 18.660287081339714
FineShot
layer 1
10.0 1.5 0.0
0 18.660287081339714
layer 2
10.0 1.5 0.0
0 18.660287081339714
layer 3
10.0 1.5 0.0
0 18.660287081339714
FineShot
layer 1
10.0 1.5 9.0
1 7.177033492822966
2 10.047846889952153
layer 2
10.0 1.5 9.0
3 12.918660287081341
4 14.354066985645932
5 18.660287081339714
6 17.224880382775122
7 21.531100478468897
8 18.660287081339714
9 22.966507177033492
10 22.966507177033492
11 25.837320574162682
12 28.708133971291865
13 28.708133971291865
14 31.578947368421055
15 31.578947368421055
layer 3
10.0 1.5 9.0
0 1.4354066985645932
FineShot
layer 1
10.0 1.5 9.0
0 1.4354066985645932
layer 2
10.0 1.5 9.0
0 1.4354066985645932
layer 3
10.0 1.5 9.0
0 1.4354066985645932
FineShot
layer 1
10.0 1.5 21.25
8 1.4354066985645932
9 7.177033492822966
layer 2
10.0 1.5 21.25
10 8.612440191387561
11 11.483253588516746
12 11.483253588516746
13 15.789473684210527
14 15.789473684210527
15 20.095693779904305
layer 3
10.0 1.5 21.25
0 21.531100478468897
FineShot
layer 1
10.0 1.5 21.25
7 2.8708133971291865
6 7.177033492822966
layer 2
10.0 1.5 21.25
5 8.612440191387561
4 11.483253588516746
3 14.354066985645932
2 14.354066985645932
1 17.224880382775122
layer 3
10.0 1.5 21.25
0 21.531100478468897
FineShot
layer 1
10.0 1.5 33.5
0 31.578947368421055
layer 2
10.0 1.5 33.5
0 31.578947368421055
layer 3
10.0 1.5 33.5
0 31.578947368421055
FineShot
layer 1
10.0 1.5 33.5
15 2.8708133971291865
14 4.918032786885247
13 8.612440191387561
layer 2
10.0 1.5 33.5
1 33.014354066985646
2 27.27272727272727
3 27.27272727272727
4 25.837320574162682
5 25.837320574162682
6 21.531100478468897
7 20.095693779904305
8 17.224880382775122
9 17.224880382775122
10 12.918660287081341
11 14.354066985645932
12 11.483253588516746
layer 3
10.0 1.5 33.5
0 31.578947368421055
FineShot
layer 1
10.0 1.5 42.5
0 44.49760765550239
layer 2
10.0 1.5 42.5
0 44.49760765550239
layer 3
10.0 1.5 42.5
0 44.49760765550239
FineShot
layer 1
10.0 1.5 42.5
0 44.49760765550239
layer 2
10.0 1.5 42.5
15 17.224880382775122
14 18.660287081339714
13 24.401913875598087
12 24.401913875598087
11 27.27272727272727
10 28.708133971291865
9 28.708133971291865
8 30.14354066985646
7 33.014354066985646
6 34.449760765550245
5 37.32057416267943
4 35.88516746411483
3 37.32057416267943
2 41.62679425837321
1 44.49760765550239
layer 3
10.0 1.5 42.5
0 44.49760765550239
FineShot
layer 1
3.0 4.0 0.0
1 14.434180138568113
2 23.672055427251706
3 34.64203233256348
layer 2
3.0 4.0 0.0
4 38.10623556581982
5 45.03464203233252
6 46.18937644341796
7 49.07621247113159
8 51.38568129330249
9 53.11778290993066
10 54.84988452655884
11 56.00461893764429
12 59.46882217090063
13 57.15935334872974
14 61.778290993071536
15 65.24249422632789
16 66.97459584295605
17 66.39722863741333
18 68.12933025404149
19 68.70669745958423
20 73.32563510392602
21 73.32563510392602
22 73.90300230946875
23 75.63510392609692
24 72.7482678983833
25 74.48036951501147
26 72.7482678983833
27 70.43879907621239
layer 3
3.0 4.0 0.0
0 5.773672055427245
FineShot
layer 1
3.0 4.0 0.0
0 5.773672055427245
layer 2
3.0 4.0 0.0
0 5.773672055427245
layer 3
3.0 4.0 0.0
0 5.773672055427245
FineShot
layer 1
3.0 4.0 13.0
3 4.041570438799072
4 14.434180138568113
5 24.82678983833716
6 31.17782909930713
layer 2
3.0 4.0 13.0
7 35.219399538106195
8 35.796766743648924
9 38.68360277136255
10 41.57043879907617
11 43.30254041570434
12 46.76674364896069
13 49.07621247113159
14 49.65357967667432
15 54.27251732101611
16 55.42725173210157
17 56.58198614318701
18 58.89145496535791
19 61.778290993071536
20 64.66512702078515
21 64.66512702078515
22 64.08775981524242
23 64.08775981524242
24 65.24249422632789
25 66.39722863741333
26 64.66512702078515
27 64.08775981524242
layer 3
3.0 4.0 13.0
0 23.09468822170898
FineShot
layer 1
3.0 4.0 13.0
2 6.35103926096997
1 15.01154734411084
layer 2
3.0 4.0 13.0
0 23.09468822170898
layer 3
3.0 4.0 13.0
0 23.09468822170898
FineShot
layer 1
3.0 4.0 29.0
7 7.50577367205542
8 20.20785219399536
layer 2
3.0 4.0 29.0
9 27.713625866050783
10 29.445727482678954
11 31.755196304849854
12 33.487297921478024
13 36.37413394919165
14 38.10623556581982
15 42.1478060046189
16 43.879907621247064
17 46.18937644341796
18 49.07621247113159
19 51.96304849884521
20 54.27251732101611
21 57.15935334872974
22 57.73672055427245
23 58.89145496535791
24 59.46882217090063
25 60.04618937644336
26 60.04618937644336
layer 3
3.0 4.0 29.0
0 44.45727482678979
FineShot
layer 1
3.0 4.0 29.0
6 5.1963048498845215
5 19.05311778290991
layer 2
3.0 4.0 29.0
4 27.136258660508055
3 32.9099307159353
2 36.37413394919165
1 42.725173210161614
layer 3
3.0 4.0 29.0
0 44.45727482678979
FineShot
layer 1
3.0 4.0 45.0
11 4.618937644341797
12 12.124711316397217
13 24.249422632794435
layer 2
3.0 4.0 45.0
14 27.136258660508055
15 28.868360277136226
16 32.332563510392575
17 34.064665127020746
18 39.26096997690527
19 41.57043879907617
20 46.76674364896069
21 46.76674364896069
22 50.23094688221703
23 50.80831408775976
24 53.11778290993066
25 53.69515011547338
26 51.38568129330249
27 50.80831408775976
layer 3
3.0 4.0 45.0
0 51.96304849884521
FineShot
layer 1
3.0 4.0 45.0
10 5.773672055427245
9 17.32101616628174
8 24.82678983833716
layer 2
3.0 4.0 45.0
7 28.290993071593505
6 32.332563510392575
5 37.5288683602771
4 41.57043879907617
3 42.725173210161614
2 45.61200923787524
1 49.07621247113159
layer 3
3.0 4.0 45.0
0 51.96304849884521
FineShot
layer 1
3.0 4.0 0.0
0 -5.0
layer 2
3.0 4.0 0.0
0 -5.0
layer 3
3.0 4.0 0.0
0 -5.0
FineShot
layer 1
3.0 4.0 0.0
0 -5.0
layer 2
3.0 4.0 0.0
0 -5.0
layer 3
3.0 4.0 0.0
0 -5.0
FineShot
layer 1
3.0 4.0 0.0
0 -5.0
layer 2
3.0 4.0 0.0
0 -5.0
layer 3
3.0 4.0 0.0
0 -5.0
FineShot
layer 1
3.0 4.0 0.0
0 -5.0
layer 2
3.0 4.0 0.0
0 -5.0
layer 3
3.0 4.0 0.0
0 -5.0
FineShot
layer 1
3.0 4.0 93.0
23 12.124711316397217
24 24.82678983833716
layer 2
3.0 4.0 93.0
25 30.02309468822168
26 31.17782909930713
27 32.332563510392575
layer 3
3.0 4.0 93.0
0 75.63510392609692
FineShot
layer 1
3.0 4.0 93.0
22 13.856812933025392
21 26.55889145496533
layer 2
3.0 4.0 93.0
20 30.6004618937644
19 32.332563510392575
18 35.796766743648924
17 36.95150115473437
16 39.26096997690527
15 40.41570438799072
14 40.99307159353344
13 47.92147806004615
12 50.23094688221703
11 52.54041570438794
10 53.69515011547338
9 55.42725173210157
8 56.00461893764429
7 58.89145496535791
6 61.2009237875288
5 63.51039260969971
4 65.8198614318706
3 65.24249422632789
2 66.97459584295605
1 69.28406466512696
layer 3
3.0 4.0 93.0
0 75.63510392609692
FineShot
layer 1
3.0 4.0 105.0
26 12.124711316397217
27 17.32101616628174
layer 2
3.0 4.0 105.0
0 -5.0
layer 3
3.0 4.0 105.0
0 -5.0
FineShot
layer 1
3.0 4.0 105.0
25 11.54734411085449
24 24.82678983833716
layer 2
3.0 4.0 105.0
23 28.868360277136226
22 31.17782909930713
21 32.9099307159353
20 38.68360277136255
19 38.68360277136255
18 42.1478060046189
17 42.1478060046189
16 42.725173210161614
15 46.76674364896069
14 47.34411085450341
13 49.65357967667432
12 51.96304849884521
11 50.80831408775976
10 55.42725173210157
9 56.00461893764429
8 56.58198614318701
7 58.89145496535791
6 62.93302540415698
5 63.51039260969971
4 65.24249422632789
layer 3
3.0 4.0 105.0
0 -5.0
FineShot
layer 1
3.0 4.0 114.0
27 6.928406466512696
26 16.166281755196287
25 21.362586605080807
layer 2
3.0 4.0 114.0
24 26.55889145496533
23 28.868360277136226
22 30.02309468822168
21 32.332563510392575
20 38.10623556581982
19 38.10623556581982
18 39.838337182447994
17 39.838337182447994
16 42.1478060046189
15 47.92147806004615
14 46.18937644341796
13 47.92147806004615
12 48.49884526558887
11 53.11778290993066
10 53.69515011547338
9 52.54041570438794
8 56.58198614318701
7 56.00461893764429
layer 3
3.0 4.0 114.0
0 -5.0
FineShot
layer 1
3.0 4.0 114.0
0 -5.0
layer 2
3.0 4.0 114.0
0 -5.0
layer 3
3.0 4.0 114.0
0 -5.0
FineShot
layer 1
10.0 1.5 0.0
0 18.660287081339714
layer 2
10.0 1.5 0.0
1 24.401913875598087
2 25.837320574162682
3 25.837320574162682
4 27.27272727272727
5 30.14354066985646
6 28.708133971291865
7 31.578947368421055
8 28.708133971291865
9 31.578947368421055
10 31.578947368421055
11 35.88516746411483
12 35.88516746411483
13 40.19138755980861
14 41.62679425837321
15 44.49760765550239
layer 3
10.0 1.5 0.0
0 18.660287081339714
FineShot
layer 1
10.0 1.5 0.0
0 18.660287081339714
layer 2
10.0 1.5 0.0
0 18.660287081339714
layer 3
10.0 1.5 0.0
0 18.660287081339714
FineShot
layer 1
10.0 1.5 9.0
1 7.177033492822966
2 10.047846889952153
layer 2
10.0 1.5 9.0
3 12.918660287081341
4 14.354066985645932
5 18.660287081339714
6 17.224880382775122
7 21.531100478468897
8 18.660287081339714
9 22.966507177033492
10 22.966507177033492
11 25.837320574162682
12 28.708133971291865
13 28.708133971291865
14 31.578947368421055
15 31.578947368421055
layer 3
10.0 1.5 9.0
0 1.4354066985645932
FineShot
layer 1
10.0 1.5 9.0
0 1.4354066985645932
layer 2
10.0 1.5 9.0
0 1.4354066985645932
layer 3
10.0 1.5 9.0
0 1.4354066985645932
FineShot
layer 1
10.0 1.5 21.25
8 1.4354066985645932
9 7.177033492822966
layer 2
10.0 1.5 21.25
10 8.612440191387561
11 11.483253588516746
12 11.483253588516746
13 15.789473684210527
14 15.789473684210527
15 20.095693779904305
layer 3
10.0 1.5 21.25
0 21.531100478468897
FineShot
layer 1
10.0 1.5 21.25
7 2.8708133971291865
6 7.177033492822966
layer 2
10.0 1.5 21.25
5 8.612440191387561
4 11.483253588516746
3 14.354066985645932
2 14.354066985645932
1 17.224880382775122
layer 3
10.0 1.5 21.25
0 21.531100478468897
FineShot
layer 1
10.0 1.5 33.5
0 31.578947368421055
layer 2
10.0 1.5 33.5
0 31.578947368421055
layer 3
10.0 1.5 33.5
0 31.578947368421055
FineShot
layer 1
10.0 1.5 33.5
15 2.8708133971291865
14 4.918032786885247
13 8.612440191387561
layer 2
10.0 1.5 33.5
1 33.014354066985646
2 27.27272727272727
3 27.27272727272727
4 25.837320574162682
5 25.837320574162682
6 21.531100478468897
7 20.095693779904305
8 17.224880382775122
9 17.224880382775122
10 12.918660287081341
11 14.354066985645932
12 11.483253588516746
layer 3
10.0 1.5 33.5
0 31.578947368421055
FineShot
layer 1
10.0 1.5 42.5
0 44.49760765550239
layer 2
10.0 1.5 42.5
0 44.49760765550239
layer 3
10.0 1.5 42.5
0 44.49760765550239
FineShot
layer 1
10.0 1.5 42.5
0 44.49760765550239
layer 2
10.0 1.5 42.5
15 17.224880382775122
14 18.660287081339714
13 24.401913875598087
12 24.401913875598087
11 27.27272727272727
10 28.708133971291865
9 28.708133971291865
8 30.14354066985646
7 33.014354066985646
6 34.449760765550245
5 37.32057416267943
4 35.88516746411483
3 37.32057416267943
2 41.62679425837321
1 44.49760765550239
layer 3
10.0 1.5 42.5
0 44.49760765550239
FineShot
